===========================================================================
noise free case

K0
   -0.3444    0.0028    0.1566   -0.5769    0.0604    1.4202   -0.3327
   -0.0562   -1.2539  -22.1518    2.5257    0.1873    6.4640   -3.0706
    0.0381    0.4254    6.6353   -0.7577   -1.8376    2.9289   -0.6368

H_infty for K0 is 12.5100

K
   -0.2170   -0.0034   -0.0537   -0.3951   -0.0008   -0.0000   -0.0002
   -0.0115    0.0005   -0.0215    0.0013    0.0011   -0.4237   -2.3392
    0.0254    0.0015    0.0179    0.0556   -3.5820    0.0061   -0.0003

gamma^2 sequence
    5.0729    3.2939    3.2214    3.1909    3.1827
gamma sequence
    2.2523    1.8149    1.7948    1.7863    1.7840


===========================================================================
noise case

K0
   -0.3390   -0.4638   -7.7033    0.3987   -0.0131    1.3921   -0.4440
   -0.0928    1.3576   24.3508   -3.2019    0.0190   17.0125   -5.6455
    0.0232    0.7880   11.5309   -1.6408   -1.4369   10.9244   -2.3981

H_infty for K0 is 21.9378

K
   -0.1848   -0.4099   -7.2529    0.4911    0.0851   -0.2391    0.1650
    0.4600    0.8252   13.1530   -1.0833    0.6071    0.9744   -1.3504
    0.4659    0.5280    5.9856   -0.3271   -1.5922    1.0045    0.5437

gamma sequence
21.8179245019183
18.8633089159774
17.1515824887198
16.4504475201523
16.0878945291246
15.9617221641742
15.8249876260660
15.7724965670755
15.7640818226036
15.7522891110306
15.7417668834648
15.7324666545250
15.7281275649448
15.7247956647185
15.7208912874513
15.7163100673539
15.7104717563859
15.7047369879199
15.7005241721577
15.6949927330849
15.6869012895900
15.6750763490620
15.6603054184371
15.6324522507145
15.5969110688286
15.5765350045842
15.5549120004106
15.5312313459627
15.5058868878764
15.4886839096315
15.4751783307942
15.4634880996013
15.4564867071592
15.4527209618781
15.4527209618781



